-7.76625016e-03, -7.77433259e-03]])
-1.53896668e-02, -1.54058190e-02]])
-2.28728757e-02, -2.28970850e-02]])
-3.02184543e-02, -3.02507082e-02]])
3.48360796e-19, -3.74289329e-02, -3.74692187e-02]])
4.13784653e-18, -4.45067951e-02, -4.45551002e-02]])
4.76093088e-18, -5.14544787e-02, -5.15107906e-02]])
6.47441284e-18, -5.82743770e-02, -5.83386831e-02]])
7.15980563e-18, -6.49688392e-02, -6.50411270e-02]])
8.38898112e-18, -7.15401711e-02, -7.16204282e-02]])
1.02723952e-17, -7.79906365e-02, -7.80788502e-02]])
1.03842671e-17, -8.43224572e-02, -8.44186152e-02]])
1.19164882e-17, -9.05378143e-02, -9.06419042e-02]])
1.34387966e-17, -9.66388490e-02, -9.67508583e-02]])
1.44074095e-17, -1.02627663e-01, -1.02747579e-01]])
1.52599022e-17, -1.08506319e-01, -1.08634130e-01]])
1.67213182e-17, -1.14276843e-01, -1.14412536e-01]])
1.77479913e-17, -1.19941221e-01, -1.20084784e-01]])
2.10644994e-17, -1.25501407e-01, -1.25652827e-01]])
2.22002122e-17, -1.30959314e-01, -1.31118580e-01]])
2.26717738e-17, -1.36316824e-01, -1.36483923e-01]])
2.28133838e-17, -1.41575781e-01, -1.41750701e-01]])
2.44971277e-17, -1.46737999e-01, -1.46920727e-01]])
2.55053914e-17, -1.51805254e-01, -1.51995779e-01]])
2.63338104e-17, -1.56779294e-01, -1.56977603e-01]])
2.74114631e-17, -1.61661832e-01, -1.61867912e-01]])
2.79878161e-17, -1.66454549e-01, -1.66668389e-01]])
2.86307259e-17, -1.71159097e-01, -1.71380685e-01]])
2.99165454e-17, -1.75777097e-01, -1.76006420e-01]])
2.92254882e-17, -1.80310141e-01, -1.80547187e-01]])
3.01204639e-17, -1.84759789e-01, -1.85004547e-01]])
3.08285143e-17, -1.89127576e-01, -1.89380032e-01]])
3.17433155e-17, -1.93415005e-01, -1.93675149e-01]])
3.36833736e-17, -1.97623555e-01, -1.97891373e-01]])
3.35445957e-17, -2.01754675e-01, -2.02030157e-01]])
3.33123551e-17, -2.05809789e-01, -2.06092922e-01]])
3.40204055e-17, -2.09790295e-01, -2.10081066e-01]])
3.46208323e-17, -2.13697563e-01, -2.13995962e-01]])
3.45330340e-17, -2.17532941e-01, -2.17838954e-01]])
3.48403279e-17, -2.21297749e-01, -2.21611366e-01]])
3.51292125e-17, -2.24993286e-01, -2.25314494e-01]])
3.51037226e-17, -2.28620825e-01, -2.28949612e-01]])
3.55398817e-17, -2.32181615e-01, -2.32517970e-01]])
3.59958662e-17, -2.35676884e-01, -2.36020795e-01]])
3.54478351e-17, -2.39107837e-01, -2.39459292e-01]])
3.64249447e-17, -2.42475656e-01, -2.42834643e-01]])
3.67803860e-17, -2.45781502e-01, -2.46148009e-01]])
3.77277574e-17, -2.49026514e-01, -2.49400529e-01]])
3.87926652e-17, -2.52211810e-01, -2.52593321e-01]])
3.90815498e-17, -2.55338488e-01, -2.55727485e-01]])
3.94129174e-17, -2.58407626e-01, -2.58804096e-01]])
3.92967971e-17, -2.61420282e-01, -2.61824213e-01]])
3.95219571e-17, -2.64377494e-01, -2.64788875e-01]])
4.03347990e-17, -2.67280282e-01, -2.67699101e-01]])
4.14988338e-17, -2.70129646e-01, -2.70555891e-01]])
4.37334409e-17, -2.72926568e-01, -2.73360228e-01]])
4.35096970e-17, -2.75672012e-01, -2.76113075e-01]])
4.40109967e-17, -2.78366925e-01, -2.78815380e-01]])
4.35946630e-17, -2.81012235e-01, -2.81468071e-01]])
4.40251577e-17, -2.83608856e-01, -2.84072060e-01]])
4.42871363e-17, -2.86157681e-01, -2.86628242e-01]])
4.41511906e-17, -2.88659590e-01, -2.89137496e-01]])
4.36668842e-17, -2.91115445e-01, -2.91600685e-01]])
4.45788531e-17, -2.93526092e-01, -2.94018655e-01]])
4.48507444e-17, -2.95892364e-01, -2.96392238e-01]])
4.46071751e-17, -2.98215075e-01, -2.98722248e-01]])
4.50065155e-17, -3.00495027e-01, -3.01009489e-01]])
4.69097550e-17, -3.02733006e-01, -3.03254744e-01]])
4.59949539e-17, -3.04929783e-01, -3.05458787e-01]])
4.68814330e-17, -3.07086116e-01, -3.07622374e-01]])
4.67709771e-17, -3.09202749e-01, -3.09746249e-01]])
4.70372041e-17, -3.11280411e-01, -3.11831142e-01]])
4.74422089e-17, -3.13319819e-01, -3.13877770e-01]])
4.66888433e-17, -3.15321677e-01, -3.15886836e-01]])
4.59850412e-17, -3.17286674e-01, -3.17859030e-01]])
4.61068258e-17, -3.19215488e-01, -3.19795031e-01]])
4.65727230e-17, -3.21108785e-01, -3.21695502e-01]])
4.55177279e-17, -3.22967217e-01, -3.23561098e-01]])
4.63843816e-17, -3.24791426e-01, -3.25392459e-01]])
4.70442846e-17, -3.26582040e-01, -3.27190215e-01]])
4.73997259e-17, -3.28339678e-01, -3.28954983e-01]])
4.70966803e-17, -3.30064946e-01, -3.30687369e-01]])
4.70584456e-17, -3.31758438e-01, -3.32387969e-01]])
4.66052933e-17, -3.33420740e-01, -3.34057368e-01]])
4.72397065e-17, -3.35052424e-01, -3.35696137e-01]])
4.76489596e-17, -3.36654054e-01, -3.37304841e-01]])
4.78981933e-17, -3.38226182e-01, -3.38884032e-01]])
4.94275822e-17, -3.39769350e-01, -3.40434252e-01]])
4.93610255e-17, -3.41284091e-01, -3.41956034e-01]])
4.96470778e-17, -3.42770928e-01, -3.43449901e-01]])
4.99373785e-17, -3.44230373e-01, -3.44916365e-01]])
4.98155938e-17, -3.45662930e-01, -3.46355931e-01]])
4.92746433e-17, -3.47069095e-01, -3.47769092e-01]])
4.99260497e-17, -3.48449351e-01, -3.49156335e-01]])
4.92718111e-17, -3.49804175e-01, -3.50518134e-01]])
4.99203853e-17, -3.51134035e-01, -3.51854959e-01]])
5.01639546e-17, -3.52439390e-01, -3.53167267e-01]])
5.22966024e-17, -3.53720691e-01, -3.54455510e-01]])
5.23957295e-17, -3.54978379e-01, -3.55720130e-01]])
5.23220922e-17, -3.56212889e-01, -3.56961561e-01]])
5.17924705e-17, -3.57424647e-01, -3.58180229e-01]])
5.13308217e-17, -3.58614072e-01, -3.59376552e-01]])
5.16480283e-17, -3.59781573e-01, -3.60550942e-01]])
5.16225384e-17, -3.60927555e-01, -3.61703801e-01]])
5.28545461e-17, -3.62052412e-01, -3.62835525e-01]])
5.35144491e-17, -3.63156534e-01, -3.63946503e-01]])
5.36079118e-17, -3.64240301e-01, -3.65037115e-01]])
5.35484355e-17, -3.65304088e-01, -3.66107736e-01]])
5.25826548e-17, -3.66348262e-01, -3.67158734e-01]])
5.25090175e-17, -3.67373184e-01, -3.68190469e-01]])
5.35257779e-17, -3.68379207e-01, -3.69203295e-01]])
5.32822086e-17, -3.69366680e-01, -3.70197560e-01]])
5.36730524e-17, -3.70335943e-01, -3.71173604e-01]])
5.39222861e-17, -3.71287332e-01, -3.72131763e-01]])
5.35569321e-17, -3.72221174e-01, -3.73072365e-01]])
5.36079118e-17, -3.73137792e-01, -3.73995733e-01]])
5.38316557e-17, -3.74037504e-01, -3.74902184e-01]])
5.30471358e-17, -3.74920620e-01, -3.75792028e-01]])
5.24665345e-17, -3.75787446e-01, -3.76665571e-01]])
5.18859332e-17, -3.76638280e-01, -3.77523112e-01]])
5.17471553e-17, -3.77473417e-01, -3.78364946e-01]])
5.28800360e-17, -3.78293145e-01, -3.79191360e-01]])
5.30584647e-17, -3.79097749e-01, -3.80002639e-01]])
5.25996480e-17, -3.79887505e-01, -3.80799061e-01]])
5.28092309e-17, -3.80662687e-01, -3.81580898e-01]])
5.28913648e-17, -3.81423564e-01, -3.82348419e-01]])
5.25118497e-17, -3.82170397e-01, -3.83101886e-01]])
5.19425772e-17, -3.82903446e-01, -3.83841559e-01]])
5.18746044e-17, -3.83622964e-01, -3.84567689e-01]])
5.24891921e-17, -3.84329199e-01, -3.85280527e-01]])
5.21464957e-17, -3.85022396e-01, -3.85980317e-01]])
5.21918110e-17, -3.85702795e-01, -3.86667298e-01]])
5.28545461e-17, -3.86370630e-01, -3.87341706e-01]])
5.28545461e-17, -3.87026134e-01, -3.88003771e-01]])
5.24467091e-17, -3.87669533e-01, -3.88653721e-01]])
5.21181737e-17, -3.88301049e-01, -3.89291778e-01]])
5.25741582e-17, -3.88920901e-01, -3.89918161e-01]])
5.29026936e-17, -3.89529303e-01, -3.90533084e-01]])
5.29565054e-17, -3.90126467e-01, -3.91136758e-01]])
5.28573783e-17, -3.90712598e-01, -3.91729389e-01]])
5.25713260e-17, -3.91287900e-01, -3.92311181e-01]])
5.21096771e-17, -3.91852571e-01, -3.92882332e-01]])
5.18122960e-17, -3.92406808e-01, -3.93443038e-01]])
5.18236248e-17, -3.92950802e-01, -3.93993492e-01]])
5.10391049e-17, -3.93484742e-01, -3.94533881e-01]])
5.15942164e-17, -3.94008812e-01, -3.95064390e-01]])
5.12883387e-17, -3.94523194e-01, -3.95585201e-01]])
5.13449827e-17, -3.95028066e-01, -3.96096493e-01]])
5.16905113e-17, -3.95523603e-01, -3.96598439e-01]])
5.18236248e-17, -3.96009977e-01, -3.97091212e-01]])
5.21408313e-17, -3.96487356e-01, -3.97574980e-01]])
5.16055452e-17, -3.96955906e-01, -3.98049909e-01]])
5.22711126e-17, -3.97415789e-01, -3.98516161e-01]])
5.24948565e-17, -3.97867164e-01, -3.98973896e-01]])
5.28290563e-17, -3.98310189e-01, -3.99423269e-01]])
5.28290563e-17, -3.98745016e-01, -3.99864435e-01]])
5.30358070e-17, -3.99171796e-01, -4.00297545e-01]])
5.28177275e-17, -3.99590678e-01, -4.00722746e-01]])
5.28460495e-17, -4.00001806e-01, -4.01140184e-01]])
5.25939836e-17, -4.00405324e-01, -4.01550001e-01]])
5.24948565e-17, -4.00801371e-01, -4.01952338e-01]])
5.28290563e-17, -4.01190084e-01, -4.02347331e-01]])
5.27554191e-17, -4.01571599e-01, -4.02735116e-01]])
5.31774171e-17, -4.01946048e-01, -4.03115825e-01]])
5.31037799e-17, -4.02313561e-01, -4.03489588e-01]])
5.40525674e-17, -4.02674266e-01, -4.03856534e-01]])
5.38543133e-17, -4.03028287e-01, -4.04216786e-01]])
5.41063792e-17, -4.03375748e-01, -4.04570468e-01]])
5.41601911e-17, -4.03716769e-01, -4.04917700e-01]])
5.42140029e-17, -4.04051470e-01, -4.05258602e-01]])
5.47946042e-17, -4.04379965e-01, -4.05593289e-01]])
5.50551668e-17, -4.04702369e-01, -4.05921876e-01]])
5.48937313e-17, -4.05018795e-01, -4.06244474e-01]])
5.44660688e-17, -4.05329352e-01, -4.06561194e-01]])
5.36560592e-17, -4.05634149e-01, -4.06872144e-01]])
5.45142163e-17, -4.05933290e-01, -4.07177429e-01]])
5.42168351e-17, -4.06226881e-01, -4.07477154e-01]])
5.44915587e-17, -4.06515024e-01, -4.07771420e-01]])
5.43782706e-17, -4.06797818e-01, -4.08060329e-01]])
5.45482027e-17, -4.07075362e-01, -4.08343978e-01]])
5.38429845e-17, -4.07347752e-01, -4.08622465e-01]])
5.41375335e-17, -4.07615085e-01, -4.08895883e-01]])
5.37721795e-17, -4.07877451e-01, -4.09164326e-01]])
5.40412386e-17, -4.08134944e-01, -4.09427885e-01]])
5.48115974e-17, -4.08387652e-01, -4.09686651e-01]])
5.40214132e-17, -4.08635663e-01, -4.09940710e-01]])
5.38146625e-17, -4.08879065e-01, -4.10190150e-01]])
5.43471164e-17, -4.09117941e-01, -4.10435056e-01]])
5.39194539e-17, -4.09352376e-01, -4.10675510e-01]])
5.43895994e-17, -4.09582450e-01, -4.10911594e-01]])
5.42989689e-17, -4.09808244e-01, -4.11143390e-01]])
5.47917720e-17, -4.10029837e-01, -4.11370974e-01]])
5.48993957e-17, -4.10247307e-01, -4.11594425e-01]])
5.55508021e-17, -4.10460728e-01, -4.11813819e-01]])
5.53270581e-17, -4.10670176e-01, -4.12029230e-01]])
5.51033142e-17, -4.10875723e-01, -4.12240732e-01]])
5.54715004e-17, -4.11077442e-01, -4.12448395e-01]])
5.57915392e-17, -4.11275403e-01, -4.12652291e-01]])
5.51826158e-17, -4.11469674e-01, -4.12852489e-01]])
5.48427517e-17, -4.11660325e-01, -4.13049056e-01]])
5.51259718e-17, -4.11847421e-01, -4.13242060e-01]])
5.55451377e-17, -4.12031028e-01, -4.13431565e-01]])
5.57603850e-17, -4.12211210e-01, -4.13617636e-01]])
5.57348952e-17, -4.12388031e-01, -4.13800336e-01]])
5.51457972e-17, -4.12561552e-01, -4.13979728e-01]])
5.52874073e-17, -4.12731833e-01, -4.14155870e-01]])
5.55281444e-17, -4.12898935e-01, -4.14328824e-01]])
5.58736730e-17, -4.13062916e-01, -4.14498648e-01]])
5.62871745e-17, -4.13223833e-01, -4.14665400e-01]])
5.60577661e-17, -4.13381743e-01, -4.14829134e-01]])
5.55961173e-17, -4.13536702e-01, -4.14989908e-01]])
5.54715004e-17, -4.13688763e-01, -4.15147776e-01]])
5.52817429e-17, -4.13837980e-01, -4.15302790e-01]])
5.51344684e-17, -4.13984405e-01, -4.15455003e-01]])
5.46614908e-17, -4.14128089e-01, -4.15604467e-01]])
5.55366410e-17, -4.14269084e-01, -4.15751232e-01]])
5.54998224e-17, -4.14407438e-01, -4.15895347e-01]])
5.53837022e-17, -4.14543201e-01, -4.16036862e-01]])
5.58878340e-17, -4.14676419e-01, -4.16175824e-01]])
5.61002492e-17, -4.14807140e-01, -4.16312279e-01]])
5.60662627e-17, -4.14935410e-01, -4.16446274e-01]])
5.60775915e-17, -4.15061274e-01, -4.16577854e-01]])
5.62588525e-17, -4.15184776e-01, -4.16707064e-01]])
5.56697545e-17, -4.15305960e-01, -4.16833946e-01]])
5.55054868e-17, -4.15424868e-01, -4.16958543e-01]])
5.52845751e-17, -4.15541543e-01, -4.17080898e-01]])
5.59954577e-17, -4.15656025e-01, -4.17201052e-01]])
5.59331493e-17, -4.15768355e-01, -4.17319044e-01]])
5.55961173e-17, -4.15878572e-01, -4.17434915e-01]])
5.54035276e-17, -4.15986715e-01, -4.17548703e-01]])
5.77570871e-17, -4.16092823e-01, -4.17660448e-01]])
5.74115585e-17, -4.16196933e-01, -4.17770185e-01]])
5.70405401e-17, -4.16299082e-01, -4.17877952e-01]])
5.57858748e-17, -4.16399306e-01, -4.17983786e-01]])
5.54743326e-17, -4.16497641e-01, -4.18087721e-01]])
5.54205208e-17, -4.16594120e-01, -4.18189793e-01]])
5.48937313e-17, -4.16688779e-01, -4.18290035e-01]])
5.46473297e-17, -4.16781651e-01, -4.18388482e-01]])
5.50778244e-17, -4.16872769e-01, -4.18485166e-01]])
5.59189883e-17, -4.16962165e-01, -4.18580119e-01]])
5.64882608e-17, -4.17049871e-01, -4.18673373e-01]])
5.58850018e-17, -4.17135918e-01, -4.18764960e-01]])
5.58085324e-17, -4.17220337e-01, -4.18854910e-01]])
5.57405596e-17, -4.17303157e-01, -4.18943253e-01]])
5.57802104e-17, -4.17384409e-01, -4.19030018e-01]])
5.55508021e-17, -4.17464120e-01, -4.19115235e-01]])
5.48059330e-17, -4.17542320e-01, -4.19198931e-01]])
5.50070193e-17, -4.17619036e-01, -4.19281135e-01]])
5.47379602e-17, -4.17694296e-01, -4.19361874e-01]])
5.51797836e-17, -4.17768126e-01, -4.19441175e-01]])
5.47294636e-17, -4.17840553e-01, -4.19519064e-01]])
5.46105111e-17, -4.17911602e-01, -4.19595567e-01]])
5.44802299e-17, -4.17981300e-01, -4.19670710e-01]])
5.52562531e-17, -4.18049671e-01, -4.19744517e-01]])
5.52194345e-17, -4.18116739e-01, -4.19817013e-01]])
5.53638767e-17, -4.18182528e-01, -4.19888222e-01]])
5.53695412e-17, -4.18247063e-01, -4.19958167e-01]])
5.47124704e-17, -4.18310365e-01, -4.20026873e-01]])
5.46275043e-17, -4.18372459e-01, -4.20094360e-01]])
5.58510154e-17, -4.18433366e-01, -4.20160653e-01]])
5.53213937e-17, -4.18493108e-01, -4.20225772e-01]])
5.63919659e-17, -4.18551706e-01, -4.20289739e-01]])
5.62956711e-17, -4.18609182e-01, -4.20352576e-01]])
5.64712676e-17, -4.18665557e-01, -4.20414302e-01]])
5.62078728e-17, -4.18720850e-01, -4.20474939e-01]])
5.61285712e-17, -4.18775081e-01, -4.20534506e-01]])
5.61852152e-17, -4.18828271e-01, -4.20593023e-01]])
5.66638573e-17, -4.18880439e-01, -4.20650508e-01]])
5.68054674e-17, -4.18931602e-01, -4.20706982e-01]])
5.63296575e-17, -4.18981781e-01, -4.20762463e-01]])
5.60860882e-17, -4.19030992e-01, -4.20816968e-01]])
5.65137506e-17, -4.19079255e-01, -4.20870515e-01]])
5.67148369e-17, -4.19126585e-01, -4.20923123e-01]])
5.63523151e-17, -4.19173002e-01, -4.20974808e-01]])
5.60832560e-17, -4.19218520e-01, -4.21025587e-01]])
5.55649631e-17, -4.19263158e-01, -4.21075477e-01]])
5.63409863e-17, -4.19306931e-01, -4.21124494e-01]])
5.60464373e-17, -4.19349855e-01, -4.21172654e-01]])
5.52222667e-17, -4.19391946e-01, -4.21219973e-01]])
5.48370873e-17, -4.19433220e-01, -4.21266466e-01]])
5.45368739e-17, -4.19473690e-01, -4.21312148e-01]])
5.49532075e-17, -4.19513373e-01, -4.21357034e-01]])
5.50693278e-17, -4.19552283e-01, -4.21401139e-01]])
5.45085519e-17, -4.19590434e-01, -4.21444476e-01]])
5.42933045e-17, -4.19627840e-01, -4.21487061e-01]])
5.37551862e-17, -4.19664515e-01, -4.21528906e-01]])
5.40384064e-17, -4.19700472e-01, -4.21570026e-01]])
5.34209865e-17, -4.19735724e-01, -4.21610433e-01]])
5.43216266e-17, -4.19770286e-01, -4.21650141e-01]])
5.46076789e-17, -4.19804168e-01, -4.21689162e-01]])
5.51882802e-17, -4.19837385e-01, -4.21727508e-01]])
5.49362143e-17, -4.19869948e-01, -4.21765193e-01]])
5.51599582e-17, -4.19901869e-01, -4.21802229e-01]])
5.52959039e-17, -4.19933160e-01, -4.21838626e-01]])
5.50098515e-17, -4.19963834e-01, -4.21874398e-01]])
5.52732463e-17, -4.19993900e-01, -4.21909554e-01]])
5.63239931e-17, -4.20023371e-01, -4.21944108e-01]])
5.61795508e-17, -4.20052258e-01, -4.21978068e-01]])
5.53808700e-17, -4.20080570e-01, -4.22011447e-01]])
5.43612774e-17, -4.20108320e-01, -4.22044256e-01]])
5.50608312e-17, -4.20135517e-01, -4.22076503e-01]])
5.48908991e-17, -4.20162172e-01, -4.22108200e-01]])
5.50721600e-17, -4.20188294e-01, -4.22139357e-01]])
5.45028875e-17, -4.20213894e-01, -4.22169984e-01]])
5.47804432e-17, -4.20238981e-01, -4.22200089e-01]])
5.38288235e-17, -4.20263564e-01, -4.22229684e-01]])
5.41375335e-17, -4.20287654e-01, -4.22258777e-01]])
5.37806761e-17, -4.20311258e-01, -4.22287377e-01]])
5.42791435e-17, -4.20334387e-01, -4.22315493e-01]])
5.45085519e-17, -4.20357049e-01, -4.22343134e-01]])
5.40752250e-17, -4.20379252e-01, -4.22370309e-01]])
5.39562726e-17, -4.20401005e-01, -4.22397026e-01]])
5.36787168e-17, -4.20422316e-01, -4.22423294e-01]])
5.39676014e-17, -4.20443194e-01, -4.22449121e-01]])
5.40327420e-17, -4.20463647e-01, -4.22474514e-01]])
5.31264375e-17, -4.20483682e-01, -4.22499482e-01]])
5.29423444e-17, -4.20503307e-01, -4.22524033e-01]])
5.25005209e-17, -4.20522531e-01, -4.22548174e-01]])
5.31830815e-17, -4.20541359e-01, -4.22571912e-01]])
5.31745849e-17, -4.20559800e-01, -4.22595256e-01]])
5.38486489e-17, -4.20577861e-01, -4.22618211e-01]])
5.34832949e-17, -4.20595549e-01, -4.22640786e-01]])
5.42451571e-17, -4.20612870e-01, -4.22662986e-01]])
5.36730524e-17, -4.20629832e-01, -4.22684820e-01]])
5.32000747e-17, -4.20646441e-01, -4.22706293e-01]])
5.41913453e-17, -4.20662704e-01, -4.22727412e-01]])
5.32255645e-17, -4.20678627e-01, -4.22748184e-01]])
5.33558458e-17, -4.20694217e-01, -4.22768615e-01]])
5.39845946e-17, -4.20709480e-01, -4.22788711e-01]])
5.37551862e-17, -4.20724421e-01, -4.22808478e-01]])
5.35031203e-17, -4.20739047e-01, -4.22827923e-01]])
5.51288040e-17, -4.20753363e-01, -4.22847050e-01]])
5.52987361e-17, -4.20767376e-01, -4.22865867e-01]])
5.54091920e-17, -4.20781091e-01, -4.22884378e-01]])
5.51826158e-17, -4.20794514e-01, -4.22902588e-01]])
5.51627904e-17, -4.20807649e-01, -4.22920505e-01]])
5.48625771e-17, -4.20820503e-01, -4.22938132e-01]])
5.48031008e-17, -4.20833081e-01, -4.22955475e-01]])
5.51854480e-17, -4.20845387e-01, -4.22972540e-01]])
5.54290174e-17, -4.20857427e-01, -4.22989331e-01]])
5.55338088e-17, -4.20869205e-01, -4.23005853e-01]])
5.43641096e-17, -4.20880727e-01, -4.23022111e-01]])
5.33728390e-17, -4.20891998e-01, -4.23038111e-01]])
5.29876596e-17, -4.20903022e-01, -4.23053855e-01]])
5.36815490e-17, -4.20913803e-01, -4.23069351e-01]])
5.46416653e-17, -4.20924347e-01, -4.23084601e-01]])
5.49447109e-17, -4.20934657e-01, -4.23099610e-01]])
5.42253317e-17, -4.20944738e-01, -4.23114383e-01]])
5.44745654e-17, -4.20954594e-01, -4.23128923e-01]])
5.46756518e-17, -4.20964230e-01, -4.23143236e-01]])
5.48908991e-17, -4.20973649e-01, -4.23157325e-01]])
5.42423249e-17, -4.20982856e-01, -4.23171194e-01]])
5.43839350e-17, -4.20991854e-01, -4.23184848e-01]])
5.51033142e-17, -4.21000648e-01, -4.23198290e-01]])
5.47776110e-17, -4.21009241e-01, -4.23211523e-01]])
5.42451571e-17, -4.21017637e-01, -4.23224553e-01]])
5.43471164e-17, -4.21025840e-01, -4.23237381e-01]])
5.44462434e-17, -4.21033853e-01, -4.23250013e-01]])
5.43726062e-17, -4.21041680e-01, -4.23262452e-01]])
5.46841484e-17, -4.21049324e-01, -4.23274701e-01]])
5.51996091e-17, -4.21056789e-01, -4.23286763e-01]])
5.51911125e-17, -4.21064079e-01, -4.23298642e-01]])
5.54176886e-17, -4.21071195e-01, -4.23310341e-01]])
5.50919854e-17, -4.21078142e-01, -4.23321864e-01]])
5.48144296e-17, -4.21084923e-01, -4.23333213e-01]])
5.47974364e-17, -4.21091541e-01, -4.23344393e-01]])
5.40978826e-17, -4.21097999e-01, -4.23355405e-01]])
5.45340417e-17, -4.21104300e-01, -4.23366253e-01]])
5.48087652e-17, -4.21110447e-01, -4.23376940e-01]])
5.43386198e-17, -4.21116443e-01, -4.23387468e-01]])
5.49135567e-17, -4.21122290e-01, -4.23397841e-01]])
5.50579990e-17, -4.21127992e-01, -4.23408061e-01]])
5.52279311e-17, -4.21133551e-01, -4.23418132e-01]])
5.56386003e-17, -4.21138970e-01, -4.23428055e-01]])
5.50721600e-17, -4.21144252e-01, -4.23437834e-01]])
5.57575528e-17, -4.21149398e-01, -4.23447471e-01]])
5.53100649e-17, -4.21154413e-01, -4.23456968e-01]])
5.49532075e-17, -4.21159297e-01, -4.23466329e-01]])
5.47861076e-17, -4.21164054e-01, -4.23475555e-01]])
5.46133433e-17, -4.21168686e-01, -4.23484649e-01]])
5.45340417e-17, -4.21173195e-01, -4.23493614e-01]])
5.42621503e-17, -4.21177584e-01, -4.23502451e-01]])
5.43641096e-17, -4.21181854e-01, -4.23511163e-01]])
5.57009087e-17, -4.21186009e-01, -4.23519752e-01]])
5.53242259e-17, -4.21190050e-01, -4.23528221e-01]])
5.61880474e-17, -4.21193980e-01, -4.23536571e-01]])
5.53582123e-17, -4.21197801e-01, -4.23544805e-01]])
5.58425188e-17, -4.21201513e-01, -4.23552924e-01]])
5.43357876e-17, -4.21205121e-01, -4.23560932e-01]])
5.35031203e-17, -4.21208626e-01, -4.23568829e-01]])
5.37013744e-17, -4.21212028e-01, -4.23576618e-01]])
5.48399195e-17, -4.21215332e-01, -4.23584301e-01]])
5.51996091e-17, -4.21218538e-01, -4.23591879e-01]])
5.46444975e-17, -4.21221648e-01, -4.23599355e-01]])
5.38401523e-17, -4.21224665e-01, -4.23606730e-01]])
5.40780572e-17, -4.21227589e-01, -4.23614006e-01]])
5.41120436e-17, -4.21230423e-01, -4.23621185e-01]])
5.39647692e-17, -4.21233168e-01, -4.23628268e-01]])
5.40044200e-17, -4.21235827e-01, -4.23635258e-01]])
5.38769709e-17, -4.21238400e-01, -4.23642155e-01]])
5.31575917e-17, -4.21240889e-01, -4.23648963e-01]])
5.31349341e-17, -4.21243297e-01, -4.23655681e-01]])
5.23957295e-17, -4.21245624e-01, -4.23662312e-01]])
5.15602300e-17, -4.21247872e-01, -4.23668858e-01]])
5.13393183e-17, -4.21250042e-01, -4.23675319e-01]])
5.10815879e-17, -4.21252137e-01, -4.23681697e-01]])
5.08436830e-17, -4.21254157e-01, -4.23687995e-01]])
5.05689595e-17, -4.21256103e-01, -4.23694212e-01]])
4.92803077e-17, -4.21257979e-01, -4.23700351e-01]])
4.91132078e-17, -4.21259783e-01, -4.23706413e-01]])
4.90707248e-17, -4.21261519e-01, -4.23712400e-01]])
4.95720245e-17, -4.21263188e-01, -4.23718312e-01]])
4.95040517e-17, -4.21264789e-01, -4.23724151e-01]])
4.99147209e-17, -4.21266326e-01, -4.23729919e-01]])
4.96484939e-17, -4.21267799e-01, -4.23735616e-01]])
4.95125483e-17, -4.21269210e-01, -4.23741244e-01]])
4.92066705e-17, -4.21270559e-01, -4.23746803e-01]])
4.92746433e-17, -4.21271847e-01, -4.23752296e-01]])
5.05378052e-17, -4.21273077e-01, -4.23757724e-01]])
5.04500070e-17, -4.21274249e-01, -4.23763087e-01]])
5.08465152e-17, -4.21275364e-01, -4.23768386e-01]])
5.04500070e-17, -4.21276423e-01, -4.23773624e-01]])
5.06652543e-17, -4.21277428e-01, -4.23778800e-01]])
5.04670002e-17, -4.21278379e-01, -4.23783916e-01]])
5.12571844e-17, -4.21279278e-01, -4.23788973e-01]])
5.22399584e-17, -4.21280125e-01, -4.23793972e-01]])
5.19199196e-17, -4.21280922e-01, -4.23798914e-01]])
5.20671941e-17, -4.21281669e-01, -4.23803800e-01]])
5.21889788e-17, -4.21282368e-01, -4.23808631e-01]])
5.18972620e-17, -4.21283019e-01, -4.23813408e-01]])
5.18887654e-17, -4.21283624e-01, -4.23818132e-01]])
5.09201524e-17, -4.21284182e-01, -4.23822804e-01]])
5.11042456e-17, -4.21284696e-01, -4.23827424e-01]])
5.03707053e-17, -4.21285166e-01, -4.23831994e-01]])
5.10589303e-17, -4.21285593e-01, -4.23836515e-01]])
5.12571844e-17, -4.21285977e-01, -4.23840986e-01]])
4.98127616e-17, -4.21286320e-01, -4.23845410e-01]])
4.94360788e-17, -4.21286623e-01, -4.23849787e-01]])
4.99657005e-17, -4.21286885e-01, -4.23854118e-01]])
5.05151476e-17, -4.21287109e-01, -4.23858403e-01]])
5.13704725e-17, -4.21287294e-01, -4.23862644e-01]])
5.09031592e-17, -4.21287442e-01, -4.23866841e-01]])
5.15630622e-17, -4.21287553e-01, -4.23870995e-01]])
5.11750506e-17, -4.21287628e-01, -4.23875106e-01]])
5.21011805e-17, -4.21287668e-01, -4.23879176e-01]])
5.23759041e-17, -4.21287673e-01, -4.23883205e-01]])
5.27979021e-17, -4.21287644e-01, -4.23887193e-01]])
5.34889593e-17, -4.21287582e-01, -4.23891142e-01]])
5.40922182e-17, -4.21287487e-01, -4.23895052e-01]])
5.37976693e-17, -4.21287361e-01, -4.23898924e-01]])
5.33020340e-17, -4.21287203e-01, -4.23902759e-01]])
5.16140418e-17, -4.21287014e-01, -4.23906556e-01]])
5.13336539e-17, -4.21286796e-01, -4.23910317e-01]])
5.25515006e-17, -4.21286548e-01, -4.23914043e-01]])
5.24608701e-17, -4.21286271e-01, -4.23917733e-01]])
5.27214327e-17, -4.21285966e-01, -4.23921389e-01]])
5.24013939e-17, -4.21285633e-01, -4.23925011e-01]])
5.21379991e-17, -4.21285273e-01, -4.23928600e-01]])
5.24183871e-17, -4.21284886e-01, -4.23932156e-01]])
5.24693667e-17, -4.21284473e-01, -4.23935680e-01]])
5.24240515e-17, -4.21284035e-01, -4.23939172e-01]])
5.29593376e-17, -4.21283572e-01, -4.23942633e-01]])
5.35456033e-17, -4.21283085e-01, -4.23946063e-01]])
5.34832949e-17, -4.21282573e-01, -4.23949463e-01]])
5.38599777e-17, -4.21282038e-01, -4.23952834e-01]])
5.31236053e-17, -4.21281480e-01, -4.23956175e-01]])
5.32453900e-17, -4.21280899e-01, -4.23959488e-01]])
5.25628294e-17, -4.21280296e-01, -4.23962773e-01]])
5.21238381e-17, -4.21279672e-01, -4.23966030e-01]])
5.18774366e-17, -4.21279027e-01, -4.23969259e-01]])
5.22654482e-17, -4.21278361e-01, -4.23972462e-01]])
5.18632756e-17, -4.21277674e-01, -4.23975639e-01]])
5.21833144e-17, -4.21276968e-01, -4.23978789e-01]])
5.11778828e-17, -4.21276242e-01, -4.23981915e-01]])
5.06935763e-17, -4.21275497e-01, -4.23985015e-01]])
5.05746239e-17, -4.21274734e-01, -4.23988090e-01]])
5.01469614e-17, -4.21273952e-01, -4.23991141e-01]])
5.00308411e-17, -4.21273153e-01, -4.23994169e-01]])
5.05009866e-17, -4.21272336e-01, -4.23997173e-01]])
5.12600166e-17, -4.21271501e-01, -4.24000153e-01]])
5.12147014e-17, -4.21270651e-01, -4.24003111e-01]])
5.10872523e-17, -4.21269783e-01, -4.24006047e-01]])
5.14979216e-17, -4.21268900e-01, -4.24008961e-01]])
5.10957489e-17, -4.21268001e-01, -4.24011853e-01]])
5.10730913e-17, -4.21267087e-01, -4.24014724e-01]])
5.13902979e-17, -4.21266157e-01, -4.24017573e-01]])
5.16621893e-17, -4.21265213e-01, -4.24020403e-01]])
5.20275433e-17, -4.21264255e-01, -4.24023212e-01]])
5.18264570e-17, -4.21263282e-01, -4.24026001e-01]])
5.18406180e-17, -4.21262296e-01, -4.24028770e-01]])
5.17839739e-17, -4.21261296e-01, -4.24031520e-01]])
5.09682999e-17, -4.21260284e-01, -4.24034251e-01]])
5.12600166e-17, -4.21259258e-01, -4.24036963e-01]])
5.16565249e-17, -4.21258220e-01, -4.24039657e-01]])
5.12486878e-17, -4.21257169e-01, -4.24042333e-01]])
5.05661272e-17, -4.21256107e-01, -4.24044991e-01]])
5.13733047e-17, -4.21255032e-01, -4.24047631e-01]])
5.11127422e-17, -4.21253946e-01, -4.24050254e-01]])
5.07530526e-17, -4.21252849e-01, -4.24052860e-01]])
5.11297354e-17, -4.21251741e-01, -4.24055449e-01]])
5.14327809e-17, -4.21250623e-01, -4.24058022e-01]])
5.13563115e-17, -4.21249493e-01, -4.24060578e-01]])
5.13789691e-17, -4.21248354e-01, -4.24063118e-01]])
5.14950894e-17, -4.21247205e-01, -4.24065643e-01]])
5.17188333e-17, -4.21246045e-01, -4.24068152e-01]])
5.12147014e-17, -4.21244877e-01, -4.24070646e-01]])
5.17726451e-17, -4.21243699e-01, -4.24073125e-01]])
5.17499875e-17, -4.21242512e-01, -4.24075589e-01]])
5.20841873e-17, -4.21241316e-01, -4.24078038e-01]])
5.20445365e-17, -4.21240111e-01, -4.24080473e-01]])
5.18122960e-17, -4.21238898e-01, -4.24082894e-01]])
5.18094637e-17, -4.21237676e-01, -4.24085301e-01]])
5.22173008e-17, -4.21236447e-01, -4.24087694e-01]])
5.17443231e-17, -4.21235210e-01, -4.24090074e-01]])
5.16933435e-17, -4.21233965e-01, -4.24092440e-01]])
5.15489012e-17, -4.21232712e-01, -4.24094793e-01]])
5.19340806e-17, -4.21231453e-01, -4.24097133e-01]])
5.08918304e-17, -4.21230186e-01, -4.24099461e-01]])
5.06794153e-17, -4.21228912e-01, -4.24101776e-01]])
5.10022863e-17, -4.21227631e-01, -4.24104078e-01]])
5.11184066e-17, -4.21226344e-01, -4.24106368e-01]])
5.09739643e-17, -4.21225051e-01, -4.24108647e-01]])
5.05717917e-17, -4.21223751e-01, -4.24110913e-01]])
5.06794153e-17, -4.21222445e-01, -4.24113168e-01]])
5.11722184e-17, -4.21221133e-01, -4.24115411e-01]])
5.12628488e-17, -4.21219816e-01, -4.24117643e-01]])
5.12147014e-17, -4.21218492e-01, -4.24119864e-01]])
5.11523930e-17, -4.21217164e-01, -4.24122074e-01]])
5.09881253e-17, -4.21215830e-01, -4.24124272e-01]])
5.13081641e-17, -4.21214490e-01, -4.24126461e-01]])
5.08946626e-17, -4.21213146e-01, -4.24128638e-01]])
5.02262631e-17, -4.21211797e-01, -4.24130805e-01]])
5.01894444e-17, -4.21210443e-01, -4.24132962e-01]])
5.06765831e-17, -4.21209085e-01, -4.24135109e-01]])
5.03876985e-17, -4.21207721e-01, -4.24137246e-01]])
5.06086103e-17, -4.21206354e-01, -4.24139373e-01]])
5.06114425e-17, -4.21204982e-01, -4.24141490e-01]])
5.02205987e-17, -4.21203607e-01, -4.24143597e-01]])
4.98552446e-17, -4.21202227e-01, -4.24145695e-01]])
4.95805211e-17, -4.21200843e-01, -4.24147784e-01]])
4.96853126e-17, -4.21199456e-01, -4.24149864e-01]])
4.98354192e-17, -4.21198065e-01, -4.24151934e-01]])
5.03310545e-17, -4.21196670e-01, -4.24153996e-01]])
5.02177665e-17, -4.21195272e-01, -4.24156049e-01]])
4.99317141e-17, -4.21193871e-01, -4.24158093e-01]])
4.93454484e-17, -4.21192466e-01, -4.24160128e-01]])
4.92321603e-17, -4.21191058e-01, -4.24162155e-01]])
4.94983872e-17, -4.21189648e-01, -4.24164174e-01]])
4.94587364e-17, -4.21188234e-01, -4.24166184e-01]])
4.95748567e-17, -4.21186818e-01, -4.24168186e-01]])
4.91585231e-17, -4.21185399e-01, -4.24170180e-01]])
4.93511128e-17, -4.21183977e-01, -4.24172166e-01]])
4.92831399e-17, -4.21182553e-01, -4.24174145e-01]])
4.88101623e-17, -4.21181126e-01, -4.24176115e-01]])
4.89602689e-17, -4.21179697e-01, -4.24178078e-01]])
4.89489401e-17, -4.21178266e-01, -4.24180033e-01]])
4.86628878e-17, -4.21176833e-01, -4.24181981e-01]])
4.93567772e-17, -4.21175397e-01, -4.24183921e-01]])
4.96428295e-17, -4.21173960e-01, -4.24185854e-01]])
4.96230041e-17, -4.21172520e-01, -4.24187780e-01]])
4.86090759e-17, -4.21171079e-01, -4.24189699e-01]])
4.81049441e-17, -4.21169636e-01, -4.24191611e-01]])
4.76291342e-17, -4.21168192e-01, -4.24193516e-01]])
4.73090954e-17, -4.21166745e-01, -4.24195414e-01]])
4.80992797e-17, -4.21165297e-01, -4.24197305e-01]])
4.76602884e-17, -4.21163848e-01, -4.24199190e-01]])
4.78981933e-17, -4.21162398e-01, -4.24201068e-01]])
4.79491730e-17, -4.21160946e-01, -4.24202939e-01]])
4.82522185e-17, -4.21159492e-01, -4.24204804e-01]])
4.82097355e-17, -4.21158038e-01, -4.24206663e-01]])
4.75866512e-17, -4.21156582e-01, -4.24208515e-01]])
4.74422089e-17, -4.21155126e-01, -4.24210361e-01]])
4.76602884e-17, -4.21153668e-01, -4.24212201e-01]])
4.69154194e-17, -4.21152210e-01, -4.24214034e-01]])
4.71873107e-17, -4.21150750e-01, -4.24215862e-01]])
4.73742361e-17, -4.21149290e-01, -4.24217684e-01]])
4.78528781e-17, -4.21147829e-01, -4.24219500e-01]])
4.75498326e-17, -4.21146368e-01, -4.24221310e-01]])
4.79123544e-17, -4.21144905e-01, -4.24223114e-01]])
4.79066900e-17, -4.21143442e-01, -4.24224913e-01]])
4.81276017e-17, -4.21141979e-01, -4.24226706e-01]])
4.86628878e-17, -4.21140515e-01, -4.24228493e-01]])
4.86119081e-17, -4.21139051e-01, -4.24230275e-01]])
4.81360983e-17, -4.21137586e-01, -4.24232051e-01]])
4.77650799e-17, -4.21136121e-01, -4.24233822e-01]])
4.77084358e-17, -4.21134656e-01, -4.24235588e-01]])
4.83428490e-17, -4.21133190e-01, -4.24237348e-01]])
4.80029848e-17, -4.21131725e-01, -4.24239103e-01]])
4.99515395e-17, -4.21130259e-01, -4.24240853e-01]])
4.95267093e-17, -4.21128793e-01, -4.24242598e-01]])
4.97164668e-17, -4.21127327e-01, -4.24244338e-01]])
4.96088431e-17, -4.21125861e-01, -4.24246073e-01]])
4.94049246e-17, -4.21124395e-01, -4.24247802e-01]])
4.93737704e-17, -4.21122929e-01, -4.24249527e-01]])
5.00903174e-17, -4.21121463e-01, -4.24251247e-01]])
5.04358460e-17, -4.21119998e-01, -4.24252962e-01]])
5.00110157e-17, -4.21118532e-01, -4.24254672e-01]])
4.98665735e-17, -4.21117067e-01, -4.24256378e-01]])
4.99600361e-17, -4.21115602e-01, -4.24258079e-01]])
5.06992407e-17, -4.21114138e-01, -4.24259775e-01]])
5.05887849e-17, -4.21112673e-01, -4.24261467e-01]])
5.09173202e-17, -4.21111210e-01, -4.24263154e-01]])
5.10532659e-17, -4.21109746e-01, -4.24264836e-01]])
5.07360593e-17, -4.21108283e-01, -4.24266514e-01]])
5.07813746e-17, -4.21106821e-01, -4.24268188e-01]])
5.16933435e-17, -4.21105359e-01, -4.24269857e-01]])
5.13761369e-17, -4.21103897e-01, -4.24271522e-01]])
5.17075045e-17, -4.21102436e-01, -4.24273183e-01]])
5.22484550e-17, -4.21100976e-01, -4.24274839e-01]])
5.27101039e-17, -4.21099516e-01, -4.24276491e-01]])
5.30414714e-17, -4.21098057e-01, -4.24278139e-01]])
5.25713260e-17, -4.21096599e-01, -4.24279782e-01]])
5.31887459e-17, -4.21095142e-01, -4.24281422e-01]])
5.23419176e-17, -4.21093685e-01, -4.24283057e-01]])
5.18066315e-17, -4.21092229e-01, -4.24284689e-01]])
5.11353998e-17, -4.21090774e-01, -4.24286316e-01]])
5.13308217e-17, -4.21089319e-01, -4.24287939e-01]])
5.08974948e-17, -4.21087866e-01, -4.24289559e-01]])
5.09796287e-17, -4.21086413e-01, -4.24291174e-01]])
5.13733047e-17, -4.21084962e-01, -4.24292786e-01]])
5.10079507e-17, -4.21083511e-01, -4.24294393e-01]])
5.12911709e-17, -4.21082061e-01, -4.24295997e-01]])
5.07983678e-17, -4.21080612e-01, -4.24297597e-01]])
5.05661272e-17, -4.21079164e-01, -4.24299194e-01]])
5.13138285e-17, -4.21077717e-01, -4.24300786e-01]])
5.14922572e-17, -4.21076272e-01, -4.24302375e-01]])
5.11552252e-17, -4.21074827e-01, -4.24303960e-01]])
5.05349730e-17, -4.21073383e-01, -4.24305541e-01]])
5.09767965e-17, -4.21071941e-01, -4.24307119e-01]])
5.15205792e-17, -4.21070499e-01, -4.24308693e-01]])
5.10929167e-17, -4.21069059e-01, -4.24310264e-01]])
5.13364861e-17, -4.21067620e-01, -4.24311831e-01]])
5.18066315e-17, -4.21066182e-01, -4.24313395e-01]])
5.09711321e-17, -4.21064745e-01, -4.24314955e-01]])
5.15517334e-17, -4.21063310e-01, -4.24316511e-01]])
5.13506471e-17, -4.21061875e-01, -4.24318064e-01]])
5.18576112e-17, -4.21060442e-01, -4.24319614e-01]])
5.23787363e-17, -4.21059010e-01, -4.24321160e-01]])
5.21889788e-17, -4.21057580e-01, -4.24322703e-01]])
5.27922377e-17, -4.21056151e-01, -4.24324242e-01]])
5.22654482e-17, -4.21054723e-01, -4.24325779e-01]])
5.23985617e-17, -4.21053296e-01, -4.24327311e-01]])
5.25741582e-17, -4.21051871e-01, -4.24328841e-01]])
5.25061853e-17, -4.21050447e-01, -4.24330367e-01]])
5.23957295e-17, -4.21049025e-01, -4.24331890e-01]])
5.27355937e-17, -4.21047603e-01, -4.24333410e-01]])
5.29196868e-17, -4.21046184e-01, -4.24334927e-01]])
5.25911514e-17, -4.21044765e-01, -4.24336440e-01]])
5.26732852e-17, -4.21043348e-01, -4.24337950e-01]])
5.27639157e-17, -4.21041933e-01, -4.24339457e-01]])
5.24523735e-17, -4.21040519e-01, -4.24340961e-01]])
5.23730719e-17, -4.21039106e-01, -4.24342462e-01]])
5.22767770e-17, -4.21037695e-01, -4.24343960e-01]])
5.23050990e-17, -4.21036286e-01, -4.24345455e-01]])
5.17868061e-17, -4.21034877e-01, -4.24346946e-01]])
5.20388721e-17, -4.21033471e-01, -4.24348435e-01]])
5.21946432e-17, -4.21032066e-01, -4.24349920e-01]])
5.22456228e-17, -4.21030662e-01, -4.24351403e-01]])
5.31745849e-17, -4.21029260e-01, -4.24352882e-01]])
5.27072717e-17, -4.21027860e-01, -4.24354359e-01]])
5.19255840e-17, -4.21026461e-01, -4.24355833e-01]])
5.07502204e-17, -4.21025063e-01, -4.24357303e-01]])
5.06850797e-17, -4.21023667e-01, -4.24358771e-01]])
5.15205792e-17, -4.21022273e-01, -4.24360236e-01]])
5.21663211e-17, -4.21020881e-01, -4.24361698e-01]])
5.09484745e-17, -4.21019490e-01, -4.24363157e-01]])
5.07049051e-17, -4.21018100e-01, -4.24364613e-01]])
5.12656810e-17, -4.21016712e-01, -4.24366067e-01]])
5.13166607e-17, -4.21015326e-01, -4.24367518e-01]])
5.12600166e-17, -4.21013942e-01, -4.24368965e-01]])
5.09031592e-17, -4.21012559e-01, -4.24370410e-01]])
5.13308217e-17, -4.21011177e-01, -4.24371852e-01]])
5.09598033e-17, -4.21009798e-01, -4.24373292e-01]])
5.16140418e-17, -4.21008420e-01, -4.24374729e-01]])
5.16876791e-17, -4.21007043e-01, -4.24376162e-01]])
5.23730719e-17, -4.21005669e-01, -4.24377594e-01]])
5.18264570e-17, -4.21004296e-01, -4.24379022e-01]])
5.24098905e-17, -4.21002924e-01, -4.24380448e-01]])
5.27497547e-17, -4.21001555e-01, -4.24381871e-01]])
5.26194734e-17, -4.21000187e-01, -4.24383291e-01]])
5.25769904e-17, -4.20998821e-01, -4.24384709e-01]])
5.23079312e-17, -4.20997456e-01, -4.24386124e-01]])
5.21464957e-17, -4.20996093e-01, -4.24387537e-01]])
5.24070583e-17, -4.20994732e-01, -4.24388947e-01]])
5.25146819e-17, -4.20993373e-01, -4.24390354e-01]])
5.27299293e-17, -4.20992015e-01, -4.24391758e-01]])
5.25005209e-17, -4.20990660e-01, -4.24393160e-01]])
5.22088042e-17, -4.20989305e-01, -4.24394560e-01]])
5.16055452e-17, -4.20987953e-01, -4.24395957e-01]])
5.17414909e-17, -4.20986602e-01, -4.24397351e-01]])
5.13931301e-17, -4.20985253e-01, -4.24398743e-01]])
5.21464957e-17, -4.20983906e-01, -4.24400132e-01]])
5.19369128e-17, -4.20982561e-01, -4.24401518e-01]])
5.28772037e-17, -4.20981217e-01, -4.24402903e-01]])
5.29565054e-17, -4.20979875e-01, -4.24404284e-01]])
5.39817624e-17, -4.20978535e-01, -4.24405663e-01]])
5.45935179e-17, -4.20977197e-01, -4.24407040e-01]])
5.41800165e-17, -4.20975860e-01, -4.24408414e-01]])
5.48965635e-17, -4.20974525e-01, -4.24409786e-01]])
5.48937313e-17, -4.20973192e-01, -4.24411155e-01]])
5.53242259e-17, -4.20971861e-01, -4.24412522e-01]])
5.48880669e-17, -4.20970532e-01, -4.24413886e-01]])
5.53185615e-17, -4.20969204e-01, -4.24415248e-01]])
5.55224800e-17, -4.20967878e-01, -4.24416608e-01]])
5.45680281e-17, -4.20966554e-01, -4.24417965e-01]])
5.41177080e-17, -4.20965232e-01, -4.24419319e-01]])
5.44235858e-17, -4.20963911e-01, -4.24420672e-01]])
5.40044200e-17, -4.20962593e-01, -4.24422022e-01]])
5.41431979e-17, -4.20961276e-01, -4.24423369e-01]])
5.30584647e-17, -4.20959961e-01, -4.24424714e-01]])
5.38939641e-17, -4.20958647e-01, -4.24426057e-01]])
5.36985422e-17, -4.20957336e-01, -4.24427398e-01]])
5.38656421e-17, -4.20956026e-01, -4.24428736e-01]])
5.23815685e-17, -4.20954719e-01, -4.24430071e-01]])
5.22059720e-17, -4.20953413e-01, -4.24431405e-01]])
5.17103367e-17, -4.20952108e-01, -4.24432736e-01]])
5.18632756e-17, -4.20950806e-01, -4.24434065e-01]])
5.19793958e-17, -4.20949505e-01, -4.24435391e-01]])
5.20756907e-17, -4.20948207e-01, -4.24436716e-01]])
5.30612969e-17, -4.20946910e-01, -4.24438038e-01]])
5.32850408e-17, -4.20945615e-01, -4.24439357e-01]])
5.33898322e-17, -4.20944321e-01, -4.24440675e-01]])
5.42904723e-17, -4.20943030e-01, -4.24441990e-01]])
5.42479893e-17, -4.20941740e-01, -4.24443303e-01]])
5.48937313e-17, -4.20940452e-01, -4.24444613e-01]])
5.46331687e-17, -4.20939166e-01, -4.24445921e-01]])
5.37806761e-17, -4.20937882e-01, -4.24447228e-01]])
5.32114035e-17, -4.20936600e-01, -4.24448531e-01]])
5.32708798e-17, -4.20935319e-01, -4.24449833e-01]])
5.30584647e-17, -4.20934041e-01, -4.24451133e-01]])
5.39166217e-17, -4.20932764e-01, -4.24452430e-01]])
5.55451377e-17, -4.20931489e-01, -4.24453725e-01]])
5.60209475e-17, -4.20930216e-01, -4.24455018e-01]])
5.38061659e-17, -4.20928944e-01, -4.24456308e-01]])
5.42536537e-17, -4.20927675e-01, -4.24457597e-01]])
5.43187944e-17, -4.20926407e-01, -4.24458883e-01]])
5.38826353e-17, -4.20925141e-01, -4.24460167e-01]])
5.47096382e-17, -4.20923877e-01, -4.24461449e-01]])
5.46161755e-17, -4.20922615e-01, -4.24462729e-01]])
5.50353414e-17, -4.20921354e-01, -4.24464007e-01]])
5.51429650e-17, -4.20920096e-01, -4.24465282e-01]])
5.46869806e-17, -4.20918839e-01, -4.24466555e-01]])
5.47351280e-17, -4.20917584e-01, -4.24467827e-01]])
5.42309961e-17, -4.20916331e-01, -4.24469096e-01]])
5.41941775e-17, -4.20915080e-01, -4.24470363e-01]])
5.42026741e-17, -4.20913830e-01, -4.24471628e-01]])
5.49786973e-17, -4.20912583e-01, -4.24472890e-01]])
5.47549534e-17, -4.20911337e-01, -4.24474151e-01]])
5.41375335e-17, -4.20910093e-01, -4.24475410e-01]])
5.46558264e-17, -4.20908851e-01, -4.24476666e-01]])
5.53100649e-17, -4.20907611e-01, -4.24477920e-01]])
5.55281444e-17, -4.20906372e-01, -4.24479173e-01]])
5.51656226e-17, -4.20905136e-01, -4.24480423e-01]])
5.45368739e-17, -4.20903901e-01, -4.24481671e-01]])
5.38089981e-17, -4.20902668e-01, -4.24482917e-01]])
5.54941580e-17, -4.20901437e-01, -4.24484161e-01]])
5.53638767e-17, -4.20900207e-01, -4.24485403e-01]])
5.54290174e-17, -4.20898980e-01, -4.24486643e-01]])
5.49277177e-17, -4.20897754e-01, -4.24487881e-01]])
5.45765247e-17, -4.20896530e-01, -4.24489117e-01]])
5.39789302e-17, -4.20895308e-01, -4.24490350e-01]])
5.46246721e-17, -4.20894088e-01, -4.24491582e-01]])
5.48172618e-17, -4.20892869e-01, -4.24492812e-01]])
5.41970097e-17, -4.20891653e-01, -4.24494039e-01]])
5.49163889e-17, -4.20890438e-01, -4.24495265e-01]])
5.46728196e-17, -4.20889225e-01, -4.24496489e-01]])
5.49815295e-17, -4.20888013e-01, -4.24497710e-01]])
5.50948176e-17, -4.20886804e-01, -4.24498930e-01]])
5.60322763e-17, -4.20885596e-01, -4.24500148e-01]])
5.54856614e-17, -4.20884391e-01, -4.24501363e-01]])
5.53355547e-17, -4.20883187e-01, -4.24502577e-01]])
5.53582123e-17, -4.20881985e-01, -4.24503789e-01]])
5.65137506e-17, -4.20880784e-01, -4.24504999e-01]])
5.63664761e-17, -4.20879586e-01, -4.24506206e-01]])
5.58170290e-17, -4.20878389e-01, -4.24507412e-01]])
5.55338088e-17, -4.20877194e-01, -4.24508616e-01]])
5.49475431e-17, -4.20876001e-01, -4.24509818e-01]])
5.50834888e-17, -4.20874809e-01, -4.24511018e-01]])
5.53072327e-17, -4.20873620e-01, -4.24512216e-01]])
5.48597449e-17, -4.20872432e-01, -4.24513412e-01]])
5.53723734e-17, -4.20871246e-01, -4.24514606e-01]])
5.52052735e-17, -4.20870062e-01, -4.24515798e-01]])
5.47322958e-17, -4.20868879e-01, -4.24516988e-01]])
5.51146430e-17, -4.20867699e-01, -4.24518176e-01]])
5.58170290e-17, -4.20866520e-01, -4.24519363e-01]])
5.60775915e-17, -4.20865343e-01, -4.24520547e-01]])
5.65335760e-17, -4.20864167e-01, -4.24521730e-01]])
5.63863015e-17, -4.20862994e-01, -4.24522910e-01]])
5.53242259e-17, -4.20861822e-01, -4.24524089e-01]])
5.47521212e-17, -4.20860652e-01, -4.24525266e-01]])
5.43811028e-17, -4.20859484e-01, -4.24526440e-01]])
5.46784840e-17, -4.20858318e-01, -4.24527613e-01]])
5.63863015e-17, -4.20857153e-01, -4.24528785e-01]])
5.55139834e-17, -4.20855990e-01, -4.24529954e-01]])
5.54601716e-17, -4.20854829e-01, -4.24531121e-01]])
5.45566993e-17, -4.20853670e-01, -4.24532286e-01]])
5.30726257e-17, -4.20852512e-01, -4.24533450e-01]])
5.34578051e-17, -4.20851356e-01, -4.24534612e-01]])
5.34974559e-17, -4.20850202e-01, -4.24535772e-01]])
5.30556324e-17, -4.20849050e-01, -4.24536929e-01]])
5.26279700e-17, -4.20847899e-01, -4.24538086e-01]])
5.25826548e-17, -4.20846751e-01, -4.24539240e-01]])
5.23475821e-17, -4.20845604e-01, -4.24540392e-01]])
5.26817818e-17, -4.20844458e-01, -4.24541543e-01]])
5.24552057e-17, -4.20843315e-01, -4.24542691e-01]])
5.26959428e-17, -4.20842173e-01, -4.24543838e-01]])
5.24155549e-17, -4.20841033e-01, -4.24544983e-01]])
5.25203463e-17, -4.20839895e-01, -4.24546126e-01]])
5.23900651e-17, -4.20838758e-01, -4.24547268e-01]])
5.24948565e-17, -4.20837623e-01, -4.24548407e-01]])
5.17726451e-17, -4.20836490e-01, -4.24549545e-01]])
5.20105501e-17, -4.20835359e-01, -4.24550681e-01]])
5.21776500e-17, -4.20834229e-01, -4.24551815e-01]])
5.27242649e-17, -4.20833102e-01, -4.24552947e-01]])
5.35710931e-17, -4.20831975e-01, -4.24554077e-01]])
5.36957100e-17, -4.20830851e-01, -4.24555206e-01]])
5.37778439e-17, -4.20829728e-01, -4.24556333e-01]])
5.35172813e-17, -4.20828607e-01, -4.24557458e-01]])
5.37523540e-17, -4.20827488e-01, -4.24558581e-01]])
5.45821891e-17, -4.20826371e-01, -4.24559703e-01]])
5.51826158e-17, -4.20825255e-01, -4.24560822e-01]])
5.62050406e-17, -4.20824141e-01, -4.24561940e-01]])
5.61200746e-17, -4.20823028e-01, -4.24563056e-01]])
5.50211804e-17, -4.20821918e-01, -4.24564170e-01]])
5.59728001e-17, -4.20820809e-01, -4.24565283e-01]])
5.54884936e-17, -4.20819702e-01, -4.24566394e-01]])
5.46473297e-17, -4.20818596e-01, -4.24567503e-01]])
5.42140029e-17, -4.20817492e-01, -4.24568610e-01]])
5.41686877e-17, -4.20816390e-01, -4.24569715e-01]])
5.59643035e-17, -4.20815290e-01, -4.24570819e-01]])
5.66666895e-17, -4.20814191e-01, -4.24571921e-01]])
5.71821502e-17, -4.20813094e-01, -4.24573021e-01]])
5.65024218e-17, -4.20811999e-01, -4.24574119e-01]])
5.57433918e-17, -4.20810905e-01, -4.24575216e-01]])
5.49022279e-17, -4.20809813e-01, -4.24576311e-01]])
5.54176886e-17, -4.20808723e-01, -4.24577404e-01]])
5.53752056e-17, -4.20807634e-01, -4.24578496e-01]])
5.56470969e-17, -4.20806547e-01, -4.24579585e-01]])
5.57887070e-17, -4.20805462e-01, -4.24580673e-01]])
5.57094053e-17, -4.20804378e-01, -4.24581760e-01]])
5.50296770e-17, -4.20803296e-01, -4.24582844e-01]])
5.54176886e-17, -4.20802216e-01, -4.24583927e-01]])
5.49220533e-17, -4.20801138e-01, -4.24585008e-01]])
5.49305499e-17, -4.20800061e-01, -4.24586088e-01]])
5.46756518e-17, -4.20798985e-01, -4.24587165e-01]])
5.52534209e-17, -4.20797912e-01, -4.24588241e-01]])
5.62418592e-17, -4.20796840e-01, -4.24589315e-01]])
5.51939447e-17, -4.20795770e-01, -4.24590388e-01]])
5.51401328e-17, -4.20794701e-01, -4.24591459e-01]])
5.60266119e-17, -4.20793634e-01, -4.24592528e-01]])
5.56131105e-17, -4.20792569e-01, -4.24593596e-01]])
5.49900261e-17, -4.20791505e-01, -4.24594661e-01]])
5.57320630e-17, -4.20790443e-01, -4.24595725e-01]])
5.61653898e-17, -4.20789383e-01, -4.24596788e-01]])
5.57887070e-17, -4.20788324e-01, -4.24597849e-01]])
5.51542938e-17, -4.20787267e-01, -4.24598908e-01]])
5.51089786e-17, -4.20786212e-01, -4.24599965e-01]])
5.47464568e-17, -4.20785158e-01, -4.24601021e-01]])
5.37693473e-17, -4.20784106e-01, -4.24602075e-01]])
5.43924316e-17, -4.20783055e-01, -4.24603127e-01]])
5.56499291e-17, -4.20782007e-01, -4.24604178e-01]])
5.46614908e-17, -4.20780959e-01, -4.24605227e-01]])
5.52420921e-17, -4.20779914e-01, -4.24606274e-01]])
5.48172618e-17, -4.20778870e-01, -4.24607320e-01]])
5.58283578e-17, -4.20777827e-01, -4.24608364e-01]])
5.61399000e-17, -4.20776787e-01, -4.24609406e-01]])
5.55961173e-17, -4.20775747e-01, -4.24610447e-01]])
5.54488428e-17, -4.20774710e-01, -4.24611486e-01]])
5.59982899e-17, -4.20773674e-01, -4.24612524e-01]])
5.58085324e-17, -4.20772640e-01, -4.24613560e-01]])
5.62276982e-17, -4.20771607e-01, -4.24614594e-01]])
5.45368739e-17, -4.20770576e-01, -4.24615627e-01]])
5.45255451e-17, -4.20769546e-01, -4.24616658e-01]])
5.46954772e-17, -4.20768518e-01, -4.24617687e-01]])
5.45963501e-17, -4.20767492e-01, -4.24618715e-01]])
5.49730329e-17, -4.20766467e-01, -4.24619741e-01]])
5.46983094e-17, -4.20765444e-01, -4.24620765e-01]])
5.48087652e-17, -4.20764423e-01, -4.24621788e-01]])
5.50296770e-17, -4.20763403e-01, -4.24622809e-01]])
5.57688816e-17, -4.20762385e-01, -4.24623829e-01]])
5.49362143e-17, -4.20761368e-01, -4.24624847e-01]])
5.52392599e-17, -4.20760353e-01, -4.24625863e-01]])
5.54828292e-17, -4.20759339e-01, -4.24626878e-01]])
5.61767186e-17, -4.20758327e-01, -4.24627891e-01]])
5.69640706e-17, -4.20757317e-01, -4.24628903e-01]])
5.62446914e-17, -4.20756308e-01, -4.24629913e-01]])
5.58340222e-17, -4.20755300e-01, -4.24630921e-01]])
5.54686682e-17, -4.20754295e-01, -4.24631928e-01]])
5.58595120e-17, -4.20753290e-01, -4.24632934e-01]])
5.51457972e-17, -4.20752288e-01, -4.24633937e-01]])
5.48370873e-17, -4.20751287e-01, -4.24634939e-01]])
5.42706469e-17, -4.20750287e-01, -4.24635940e-01]])
5.44575722e-17, -4.20749289e-01, -4.24636939e-01]])
5.42734791e-17, -4.20748293e-01, -4.24637936e-01]])
5.43980960e-17, -4.20747298e-01, -4.24638932e-01]])
5.48795703e-17, -4.20746305e-01, -4.24639926e-01]])
5.44009282e-17, -4.20745313e-01, -4.24640919e-01]])
5.39789302e-17, -4.20744323e-01, -4.24641910e-01]])
5.37523540e-17, -4.20743334e-01, -4.24642899e-01]])
5.46020145e-17, -4.20742347e-01, -4.24643887e-01]])
5.39137895e-17, -4.20741362e-01, -4.24644874e-01]])
5.32312289e-17, -4.20740378e-01, -4.24645859e-01]])
5.34889593e-17, -4.20739395e-01, -4.24646842e-01]])
5.33161950e-17, -4.20738414e-01, -4.24647824e-01]])
5.30301426e-17, -4.20737435e-01, -4.24648804e-01]])
5.24467091e-17, -4.20736457e-01, -4.24649783e-01]])
5.17018401e-17, -4.20735480e-01, -4.24650760e-01]])
5.15545656e-17, -4.20734506e-01, -4.24651736e-01]])
5.19312484e-17, -4.20733532e-01, -4.24652710e-01]])
5.16565249e-17, -4.20732560e-01, -4.24653682e-01]])
5.18887654e-17, -4.20731590e-01, -4.24654653e-01]])
5.21719856e-17, -4.20730621e-01, -4.24655623e-01]])
5.45000553e-17, -4.20729654e-01, -4.24656591e-01]])
5.41233725e-17, -4.20728688e-01, -4.24657557e-01]])
5.43414520e-17, -4.20727724e-01, -4.24658522e-01]])
5.37098710e-17, -4.20726761e-01, -4.24659485e-01]])
5.36702202e-17, -4.20725800e-01, -4.24660447e-01]])
5.29791630e-17, -4.20724840e-01, -4.24661408e-01]])
5.28545461e-17, -4.20723882e-01, -4.24662367e-01]])
5.23277566e-17, -4.20722925e-01, -4.24663324e-01]])
5.28488817e-17, -4.20721970e-01, -4.24664280e-01]])
5.33388526e-17, -4.20721016e-01, -4.24665234e-01]])
5.34549729e-17, -4.20720064e-01, -4.24666187e-01]])
5.36560592e-17, -4.20719113e-01, -4.24667138e-01]])
5.39987556e-17, -4.20718164e-01, -4.24668088e-01]])
5.45170485e-17, -4.20717216e-01, -4.24669037e-01]])
5.55054868e-17, -4.20716270e-01, -4.24669984e-01]])
5.56017817e-17, -4.20715325e-01, -4.24670929e-01]])
5.57603850e-17, -4.20714381e-01, -4.24671873e-01]])
5.52335955e-17, -4.20713440e-01, -4.24672815e-01]])
5.52505887e-17, -4.20712499e-01, -4.24673756e-01]])
5.55961173e-17, -4.20711560e-01, -4.24674696e-01]])
5.50636634e-17, -4.20710623e-01, -4.24675634e-01]])
5.55847885e-17, -4.20709686e-01, -4.24676570e-01]])
5.50183482e-17, -4.20708752e-01, -4.24677505e-01]])
5.48852347e-17, -4.20707819e-01, -4.24678439e-01]])
5.48002686e-17, -4.20706887e-01, -4.24679371e-01]])
5.51146430e-17, -4.20705957e-01, -4.24680302e-01]])
5.49900261e-17, -4.20705028e-01, -4.24681231e-01]])
5.45821891e-17, -4.20704101e-01, -4.24682159e-01]])
5.42848079e-17, -4.20703175e-01, -4.24683085e-01]])
5.37127032e-17, -4.20702250e-01, -4.24684010e-01]])
5.41573589e-17, -4.20701328e-01, -4.24684933e-01]])
5.39052929e-17, -4.20700406e-01, -4.24685855e-01]])
5.44943909e-17, -4.20699486e-01, -4.24686776e-01]])
5.47266314e-17, -4.20698567e-01, -4.24687695e-01]])
5.44377468e-17, -4.20697650e-01, -4.24688612e-01]])
5.42055063e-17, -4.20696734e-01, -4.24689528e-01]])
5.39449438e-17, -4.20695820e-01, -4.24690443e-01]])
5.39307827e-17, -4.20694907e-01, -4.24691356e-01]])
5.31519273e-17, -4.20693995e-01, -4.24692268e-01]])
5.31660883e-17, -4.20693085e-01, -4.24693179e-01]])
5.35059525e-17, -4.20692177e-01, -4.24694088e-01]])
5.36220728e-17, -4.20691269e-01, -4.24694995e-01]])
5.40214132e-17, -4.20690364e-01, -4.24695901e-01]])
5.41913453e-17, -4.20689459e-01, -4.24696806e-01]])
5.35314423e-17, -4.20688556e-01, -4.24697709e-01]])
5.39421115e-17, -4.20687655e-01, -4.24698611e-01]])
5.43895994e-17, -4.20686755e-01, -4.24699512e-01]])
5.51826158e-17, -4.20685856e-01, -4.24700411e-01]])
5.49277177e-17, -4.20684958e-01, -4.24701308e-01]])
5.48229262e-17, -4.20684062e-01, -4.24702205e-01]])
5.47974364e-17, -4.20683168e-01, -4.24703099e-01]])
5.47917720e-17, -4.20682275e-01, -4.24703993e-01]])
5.47861076e-17, -4.20681383e-01, -4.24704885e-01]])
5.43895994e-17, -4.20680493e-01, -4.24705775e-01]])
5.38174947e-17, -4.20679604e-01, -4.24706665e-01]])
5.44915587e-17, -4.20678716e-01, -4.24707552e-01]])
5.33898322e-17, -4.20677830e-01, -4.24708439e-01]])
5.34663017e-17, -4.20676945e-01, -4.24709324e-01]])
5.28488817e-17, -4.20676062e-01, -4.24710208e-01]])
5.31604239e-17, -4.20675180e-01, -4.24711090e-01]])
5.32850408e-17, -4.20674299e-01, -4.24711971e-01]])
5.36560592e-17, -4.20673420e-01, -4.24712850e-01]])
5.36787168e-17, -4.20672542e-01, -4.24713728e-01]])
5.35456033e-17, -4.20671665e-01, -4.24714605e-01]])
5.39874268e-17, -4.20670790e-01, -4.24715481e-01]])
5.40553996e-17, -4.20669916e-01, -4.24716355e-01]])
5.43556130e-17, -4.20669044e-01, -4.24717227e-01]])
5.40214132e-17, -4.20668173e-01, -4.24718098e-01]])
5.40752250e-17, -4.20667303e-01, -4.24718968e-01]])
5.51911125e-17, -4.20666435e-01, -4.24719837e-01]])
5.54120242e-17, -4.20665568e-01, -4.24720704e-01]])
5.58850018e-17, -4.20664702e-01, -4.24721570e-01]])
5.50948176e-17, -4.20663838e-01, -4.24722434e-01]])
5.53298903e-17, -4.20662975e-01, -4.24723297e-01]])
5.57377274e-17, -4.20662113e-01, -4.24724159e-01]])
5.58368544e-17, -4.20661253e-01, -4.24725019e-01]])
5.56329359e-17, -4.20660394e-01, -4.24725879e-01]])
5.48200940e-17, -4.20659537e-01, -4.24726736e-01]])
5.49220533e-17, -4.20658681e-01, -4.24727593e-01]])
5.48200940e-17, -4.20657826e-01, -4.24728448e-01]])
5.48654093e-17, -4.20656972e-01, -4.24729301e-01]])
5.46303365e-17, -4.20656120e-01, -4.24730154e-01]])
5.43131300e-17, -4.20655269e-01, -4.24731005e-01]])
5.24835277e-17, -4.20654420e-01, -4.24731854e-01]])
5.25345074e-17, -4.20653572e-01, -4.24732703e-01]])
5.19284162e-17, -4.20652725e-01, -4.24733550e-01]])
5.19822280e-17, -4.20651879e-01, -4.24734395e-01]])
5.15375724e-17, -4.20651035e-01, -4.24735240e-01]])
